100
593468
285316
407529
172935
864527
619437
752603
894216
350492
716325
429781
683517
925460
147062
539687
271946
864302
523079
186245
497681
238906
650713
918245
365891
740512
154823
602914
874031
361285
529476
291704
830457
467129
715390
294608
680315
412906
937851
518247
206983
860239
591274
348605
706831
124970
532407
857193
621784
439520
285603
970123
628705
310874
592370
186243
750614
935672
146087
874593
532791
307645
921470
579386
408259
152794
694820
381649
507629
893417
629405
410857
768349
932745
287106
619582
403985
875293
546731
329704
186295
760823
519307
348196
670249
924173
276810
593420
831647
457832
106285
685320
239678
504983
792835
318527
876941
429768
593142
167385
742016